1233
1240
456
3990
2972
1052
4337
1503
4900
3203
3308
820
1643
115
1911
3247
266
391
382
2649
3158
459
3953
2307
4113
3184
1885
2255
3889
1364
926
1182
3093
3738
3468
511
2988
3237
4600
3705
333
4504
1178
4146
1053
1523
3174
1525
4836
1944
2621
2750
1131
4856
4929
4559
3083
3511
3707
3186
3394
4986
4957
1997
1079
4655
4692
1020
2766
2044
2968
350
4527
1937
3558
1009
3161
1469
2600
2119
584
1144
3292
2313
2665
3504
2054
3854
1340
3413
2904
4395
4681
1013
4731
2073
4396
4428
1095
4256
779
1609
4188
2746
4391
556
3016
234
4829
1161
162
4742
3960
3379
4039
2188
1251
4134
4350
3290
4000
2368
3026
707
2300
4404
2878
3416
2699
861
2251
4522
4228
1104
3053
2880
1224
3421
1313
1824
2345
2931
2852
1232
529
4548
3714
2508
291
2899
2915
2375
2410
4213
2264
1130
3645
3041
3772
2014
75
4845
2416
4510
2240
1886
3519
565
2409
410
2321
727
2482
2341
141
2414
4429
1526
1335
1580
4948
542
1847
2260
2985
201
538
2229
1416
1837
4407
2752
4923
1780
4876
2791
4078
3551
1135
4658
3050
4276
2624
157
2790
992
2285
2245
2128
3518
4640
4025
1223
249
2430
2697
2324
4645
99
3359
53
4961
4434
4924
2227
2080
4541
4799
1145
3374
498
675
2066
2223
677
807
924
2076
398
4573
716
2540
3585
928
2189
4180
713
3045
460
1321
9
1866
4478
4937
242
1199
2776
1113
1069
4816
3753
3111
325
2399
964
65
3776
2220
3971
4644
3616
91
1455
2077
2632
4176
100
2781
1675
502
3176
2542
1892
1573
419
3018
1514
4643
360
3125
3500
1342
105
1183
4345
3028
3298
1864
4984
1854
3103
1856
3252
1107
949
681
3110
4191
1078
221
2923
2854
474
2444
693
3992
744
4898
482
174
4017
776
3908
3627
238
85
4207
154
547
3804
2659
2707
1475
938
3807
952
4398
4754
277
3330
577
4029
440
2550
4557
1600
1839
2577
4338
1118
4569
23
3497
2894
2767
756
1724
972
2895
404
2382
2121
732
111
2303
3349
3526
706
1973
1951
963
3000
1047
2000
853
3227
730
1611
1984
4311
4297
3024
4162
3057
1257
4538
4012
3704
728
3765
3814
705
3775
3084
1865
3062
400
1096
2216
1146
4983
4532
196
2582
2373
4975
4310
643
553
1073
3773
2161
3337
1286
937
2529
2631
2520
40
1537
1516
389
2134
1925
4498
4941
4849
1441
701
4512
3560
4773
3527
1450
4763
1816
2378
1868
1300
4361
2083
1742
4292
2435
958
2388
2355
3168
3089
1398
3363
2167
370
176
2684
2184
237
4141
4339
2524
4555
3692
1673
4152
4106
3250
1332
4138
4367
4253
1265
4955
1702
3256
2438
4224
3923
3832
4781
3594
1860
215
969
792
1390
1823
2556
4835
3446
4882
1716
872
1331
4288
2465
263
3609
726
4144
4556
544
3626
4287
3444
485
4783
3317
4938
1092
4100
2011
2428
3629
302
3849
1929
283
1562
574
978
3269
1730
3974
4233
4779
2574
3882
2445
2554
955
1787
1303
3234
4972
1807
3383
4740
3039
4535
1329
743
3328
1237
1088
805
153
195
4589
1901
1385
3985
414
4068
2213
2721
981
1648
597
4465
2739
4409
463
4506
2566
1195
2449
3040
4090
1090
1520
372
4352
3271
2736
973
2940
819
72
3596
739
1596
1433
2804
2252
3740
2763
4289
393
1215
1266
1119
4624
3245
286
33
2262
4424
4875
1727
2318
1774
3619
704
3066
4800
1154
2921
2135
4122
1953
1861
1913
4693
1966
2549
2423
4145
457
2210
2243
3613
464
3546
692
2045
3025
1388
2089
4854
2700
4531
4917
1952
729
2770
4433
2843
3724
4635
3768
1907
1563
2671
4936
4667
479
1018
2474
308
3664
2115
2674
3395
12
3688
3880
1214
2299
3375
129
4420
4536
3214
471
2816
1212
1703
1460
2635
4229
3450
164
3751
4057
1829
971
4425
906
4380
1377
2798
2501
2446
1519
3687
4112
2156
3661
2519
3201
415
1089
1713
4069
4902
1327
2459
881
1437
2689
3193
700
3291
1227
3104
466
3716
4552
615
2160
1820
1487
4416
1657
3813
4421
572
431
2052
1495
3087
4539
953
1683
1111
2930
3568
4055
2019
1650
4449
1250
3748
2202
914
1283
1744
371
1681
3892
2274
1365
3858
2071
1431
2761
3258
2041
3982
2561
4363
1213
4374
2485
4840
2552
1614
4218
1765
103
913
2774
3080
159
175
379
1316
4914
2353
1150
4967
4820
1358
4785
2803
3474
2099
3043
2333
2629
2683
4101
2496
827
4864
1933
207
2964
3713
1034
2553
2755
239
1500
2539
2920
435
4778
3140
3061
1029
4659
4867
1072
2640
4628
4272
135
4115
2729
4060
2151
633
4748
4446
2862
1452
4197
2021
3364
4095
917
4848
3843
1493
518
2603
3456
4903
530
4804
4455
4859
1817
4739
4920
487
546
4525
4053
4240
4614
3654
2558
2489
2037
1211
770
2768
699
1994
1386
2352
3393
313
1326
4423
1833
2986
2203
3312
390
4620
548
4346
3566
970
4918
734
3891
3914
3480
4508
3917
2892
1357
1995
4384
304
3334
1169
2846
183
900
2136
3178
4912
4079
2775
1241
3467
4088
1591
1775
1254
3151
3550
1662
4701
1595
2337
3615
1005
4696
2475
3152
1862
975
802
4675
1791
3200
2528
2912
200
3356
523
4997
2974
2154
1049
4477
640
988
2602
4431
2178
3279
1164
1867
1536
2305
138
2933
947
3739
1244
395
4646
4795
1801
478
2424
4089
4140
697
759
416
2336
3408
4417
1504
3135
4762
3254
1915
1396
232
1954
767
104
2034
877
1535
1919
634
4837
3701
568
4893
495
4584
4073
1021
417
147
4098
3795
2637
229
3082
3543
815
2885
4149
1849
4136
66
2081
3320
4244
4006
3635
1046
797
2694
1570
3747
724
2594
